209 Minimum Size Subarray Sum
16 3Sum Closest
153 Find Minimum in Rotated Sorted Array
11 Container With Most Water
2566 Maximum Difference by Remapping a Digit
238 Product of Array Except Self
1432 Max difference you can get from changing an integer
55 Jump Game
2016 Maximum Difference Between Increasing Elements
36 Valid Sudoku
128 Longest consecutive sequence
2138 Divide a string into groups of size k
155 Min Stack
20 Valid Parentheses
22 Generate Parentheses
150 Evaluate Reverse Polish Notation
739 Daily Temperatures
125 ValidPalindrome
42 TrappingRainWater
167 Two Sum II Input Array Is Sorted
128
268
120
34
35
106
216
105
204
290
349
242
350
202
219
205
94
49
6
38
20
125
28
67
58
14
227
22
234
19
21
160
203
206
237
24
143
8
9
7
168
223
278
303
378
374
222
50
232
62
63
64
225
155
144
150
71
107
101
341
304
257
98
199
173
129
74
110
102
111
96
191
190
231
169
342
136
112
387
260
113
33
200
152
167
228
79
90
54
389
189
59
39
347
274
3
61
2
147
328
12
43
151
198
143
357
17
385
69
108
114
236
95
367
382
319
165
208
133
103
207
210
310
394
116
55
355
142
92
81
279
30
76
40
166
109
415
172
240
343
322
392
300
338
5
53
187
414
277
138
383
23
335
388
42
332
261
323
269
412
298
281
163
346
288
149
356
447
409
266
139
140
398
36
498
37
56
146
461
463
535
419
561
518
384
91
566
451
86
379
82
93
156
340
325
361
425
317
271
311
314
273
301
259
280
246
256
628
504
442
270
500
359
353
624
286
448
617
476
243
72
581
179
46
47
159
161
157
158
137
75
371
215
324
4
657
44
10
416
224
282
696
697
698
289
297
406
18
